# M [Msun/h]
1.000000000000000000e+11
1.011591112223829803e+11
1.023316578330244904e+11
1.035177955630176239e+11
1.047176819485520325e+11
1.059314763518370056e+11
1.071593399822671204e+11
1.084014359178330994e+11
1.096579291267809906e+11
1.109289864895222778e+11
1.122147768207980194e+11
1.135154708920998993e+11
1.148312414543511047e+11
1.161622632608501892e+11
1.175087130904807587e+11
1.188707697711903229e+11
1.202486142037412262e+11
1.216424293857368011e+11
1.230524004359261627e+11
1.244787146187906189e+11
1.259215613694151001e+11
1.273811323186478424e+11
1.288576213185518036e+11
1.303512244681508942e+11
1.318621401394748535e+11
1.333905690039058685e+11
1.349367140588306427e+11
1.365007806546013794e+11
1.380829765218092346e+11
1.396835117988739624e+11
1.413025990599533691e+11
1.429404533431761169e+11
1.445972921792019653e+11
1.462733356201129761e+11
1.479688062686396179e+11
1.496839293077255554e+11
1.514189325304352112e+11
1.531740463702079773e+11
1.549495039314631653e+11
1.567455410205595093e+11
1.585623961771137085e+11
1.604003107056820068e+11
1.622595287078087158e+11
1.641402971144466553e+11
1.660428657187529602e+11
1.679674872092653198e+11
1.699144172034625854e+11
1.718839142817145691e+11
1.738762400216250610e+11
1.758916590327732544e+11
1.779304389918577271e+11
1.799928506782476501e+11
1.820791680099462585e+11
1.841896680799710693e+11
1.863246311931559753e+11
1.884843409033795471e+11
1.906690840512251892e+11
1.928791508020777588e+11
1.951148346846616516e+11
1.973764326300255432e+11
1.996642450109793396e+11
2.019785756819878235e+11
2.043197320195270386e+11
2.066880249629082031e+11
2.090837690555750122e+11
2.115072824868794861e+11
2.139588871343421631e+11
2.164389086064020386e+11
2.189476762856620789e+11
2.214855233726359253e+11
2.240527869300018005e+11
2.266498079273692932e+11
2.292769312865648804e+11
2.319345059274427490e+11
2.346228848142262573e+11
2.373424250023866272e+11
2.400934876860651855e+11
2.428764382460450439e+11
2.456916462982790222e+11
2.485394857429798584e+11
2.514203348142796631e+11
2.543345761304648132e+11
2.572825967447932129e+11
2.602647881969004517e+11
2.632815465648020020e+11
2.663332725174980774e+11
2.694203713681882324e+11
2.725432531281027832e+11
2.757023325609582520e+11
2.788980292380439453e+11
2.821307675939470825e+11
2.854009769829237671e+11
2.887090917359234619e+11
2.920555512182745361e+11
2.954407998880379639e+11
2.988652873550382690e+11
3.023294684405776367e+11
3.058338032378431396e+11
3.093787571730136719e+11
3.129648010670750732e+11
3.165924111983520508e+11
3.202620693657650146e+11
3.239742629528195190e+11
3.277294849923381958e+11
3.315282342319423218e+11
3.353710152002929077e+11
3.392583382740991821e+11
3.431907197459042358e+11
3.471686818926559448e+11
3.511927530450727539e+11
3.552634676578139648e+11
3.593813663804625854e+11
3.635469961293317871e+11
3.677609101601030884e+11
3.720236681413065796e+11
3.763358362286532593e+11
3.806979871402283936e+11
3.851107002325568848e+11
3.895745615775501099e+11
3.940901640403447876e+11
3.986581073580438843e+11
4.032789982193705444e+11
4.079534503452448730e+11
4.126820845702951660e+11
4.174655289253134766e+11
4.223044187206672363e+11
4.271993966306776733e+11
4.321511127789761963e+11
4.371602248248502197e+11
4.422273980505897217e+11
4.473533054498463135e+11
4.525386278170166626e+11
4.577840538376616211e+11
4.630902801799736938e+11
4.684580115873045044e+11
4.738879609717651367e+11
4.793808495089107056e+11
4.849374067335233154e+11
4.905583706365045776e+11
4.962444877628913574e+11
5.019965133110079346e+11
5.078152112327670898e+11
5.137013543351338501e+11
5.196557243827657471e+11
5.256791122018419189e+11
5.317723177850966797e+11
5.379361503980697632e+11
5.441714286865887451e+11
5.504789807854968262e+11
5.568596444286408691e+11
5.633142670601351318e+11
5.698437059469135742e+11
5.764488282925872803e+11
5.831305113526218262e+11
5.898896425508493652e+11
5.967271195973310547e+11
6.036438506075864258e+11
6.106407542232036133e+11
6.177187597338488770e+11
6.248788072006888428e+11
6.321218475812448730e+11
6.394488428556936035e+11
6.468607661546320801e+11
6.543586018883228760e+11
6.619433458774388428e+11
6.696160054853215332e+11
6.773775997517745361e+11
6.852291595284057617e+11
6.931717276155400391e+11
7.012063589007176514e+11
7.093341204987989502e+11
7.175560918936921387e+11
7.258733650817246094e+11
7.342870447166757812e+11
7.427982482564910889e+11
7.514081061116961670e+11
7.601177617955322266e+11
7.689283720758305664e+11
7.778411071286481934e+11
7.868571506936843262e+11
7.959777002314978027e+11
8.052039670825469971e+11
8.145371766280737305e+11
8.239785684528510742e+11
8.335293965098187256e+11
8.431909292866251221e+11
8.529644499741016846e+11
8.628512566366887207e+11
8.728526623848370361e+11
8.829699955494083252e+11
8.932045998580959473e+11
9.035578346138920898e+11
9.140310748756223145e+11
9.246257116405733643e+11
9.353431520292376709e+11
9.461848194721992188e+11
9.571521538991855469e+11
9.682466119303114014e+11
9.794696670695385742e+11
9.908228099003787842e+11
1.002307548283864380e+12
1.013925407558814331e+12
1.025677930744420776e+12
1.037566678745184937e+12
1.049593230558226562e+12
1.061759183482999023e+12
1.074066153333432373e+12
1.086515774652537231e+12
1.099109700929496094e+12
1.111849604819269775e+12
1.124737178364750732e+12
1.137774133221490234e+12
1.150962200885031250e+12
1.164303132920875732e+12
1.177798701197118164e+12
1.191450698119774658e+12
1.205260936870841309e+12
1.219231251649109375e+12
1.233363497913774658e+12
1.247659552630868408e+12
1.262121314522546143e+12
1.276750704319264404e+12
1.291549665014882812e+12
1.306520162124719971e+12
1.321664183946603760e+12
1.336983741824945312e+12
1.352480870417874023e+12
1.368157627967470459e+12
1.384016096573130127e+12
1.400058382468096191e+12
1.416286616299197266e+12
1.432702953409829346e+12
1.449309574126215088e+12
1.466108684046982910e+12
1.483102514336102783e+12
1.500293322019216797e+12
1.517683390283403809e+12
1.535275028780421143e+12
1.553070573933458496e+12
1.571072389247448730e+12
1.589282865622976318e+12
1.607704421673822021e+12
1.626339504048190674e+12
1.645190587753660645e+12
1.664260176485901855e+12
1.683550802961200684e+12
1.703065029252842529e+12
1.722805447131392090e+12
1.742774678408917480e+12
1.762975375287203857e+12
1.783410220710006348e+12
1.804081928719380859e+12
1.824993244816150391e+12
1.846146946324545654e+12
1.867545842761073975e+12
1.889192776207664307e+12
1.911090621689135986e+12
1.933242287555043213e+12
1.955650715865947021e+12
1.978318882784162354e+12
2.001249798969034912e+12
2.024446509976801758e+12
2.047912096665083252e+12
2.071649675602066895e+12
2.095662399480430908e+12
2.119953457536068848e+12
2.144526075971665283e+12
2.169383518385182129e+12
2.194529086203311523e+12
2.219966119119952637e+12
2.245697995539771484e+12
2.271728133026902832e+12
2.298059988758848633e+12
2.324697059985645508e+12
2.351642884494346191e+12
2.378901041078890625e+12
2.406475150015421875e+12
2.434368873543107910e+12
2.462585916350543945e+12
2.491130026067786133e+12
2.520004993764089355e+12
2.549214654451420410e+12
2.578762887593798340e+12
2.608653617622545410e+12
2.638890814457507812e+12
2.669478494034317871e+12
2.700420718837770020e+12
2.731721598441373535e+12
2.763385290053166992e+12
2.795415999067853516e+12
2.827817979625338379e+12
2.860595535175739258e+12
2.893753019050947266e+12
2.927294835042812988e+12
2.961225437988031250e+12
2.995549334359810059e+12
3.030271082866393066e+12
3.065395295056523438e+12
3.100926635931923340e+12
3.136869824566873047e+12
3.173229634734973145e+12
3.210010895543168457e+12
3.247218492073125488e+12
3.284857366030040039e+12
3.322932516398968262e+12
3.361449000108761719e+12
3.400411932703702637e+12
3.439826489022920898e+12
3.479697903887687988e+12
3.520031472796675293e+12
3.560832552629274414e+12
3.602106562357066406e+12
3.643858983763540527e+12
3.686095362172154297e+12
3.728821307182830078e+12
3.772042493416993652e+12
3.815764661271244629e+12
3.859993617679763184e+12
3.904735236885556152e+12
3.949995461220638672e+12
3.995780301895265625e+12
4.042095839796301758e+12
4.088948226294855957e+12
4.136343684063269531e+12
4.184288507901576172e+12
4.232789065573544434e+12
4.281851798652406738e+12
4.331483223376394043e+12
4.381689931514185547e+12
4.432478591240391602e+12
4.483855948021181641e+12
4.535828825510181641e+12
4.588404126454751953e+12
4.641588833612772461e+12
4.695390010680053711e+12
4.749814803228495117e+12
4.804870439655124023e+12
4.860564232142128906e+12
4.916903577628021484e+12
4.973895958790057617e+12
5.031548945038045898e+12
5.089870193519674805e+12
5.148867450137487305e+12
5.208548550577655273e+12
5.268921421350666016e+12
5.329994080844082031e+12
5.391774640387494141e+12
5.454271305329825195e+12
5.517492376129117188e+12
5.581446249454955078e+12
5.646141419303661133e+12
5.711586478126422852e+12
5.777790117970495117e+12
5.844761131633625977e+12
5.912508413831869141e+12
5.981040962380931641e+12
6.050367879391211914e+12
6.120498372476690430e+12
6.191441755977834961e+12
6.263207452198679688e+12
6.335804992658241211e+12
6.409244019356443359e+12
6.483534286054713867e+12
6.558685659571421875e+12
6.634708121092336914e+12
6.711611767496273438e+12
6.789406812696098633e+12
6.868103588995292969e+12
6.947712548460225586e+12
7.028244264308337891e+12
7.109709432312423828e+12
7.192118872221177734e+12
7.275483529196217773e+12
7.359814475265755859e+12
7.445122910795127930e+12
7.531420165974360352e+12
7.618717702322983398e+12
7.707027114212287109e+12
7.796360130405220703e+12
7.886728615614139648e+12
7.978144572076612305e+12
8.070620141149491211e+12
8.164167604921455078e+12
8.258799387844254883e+12
8.354528058382854492e+12
8.451366330684704102e+12
8.549327066268367188e+12
8.648423275731708984e+12
8.748668120479896484e+12
8.850074914473419922e+12
8.952657125996382812e+12
9.056428379445275391e+12
9.161402457138501953e+12
9.267593301146865234e+12
9.375015015145269531e+12
9.483681866285908203e+12
9.593608287093126953e+12
9.704808877380287109e+12
9.817298406188820312e+12
9.931091813749781250e+12
1.004620421346811133e+13
1.016265089392997266e+13
1.028044732093307617e+13
1.039960913954122461e+13
1.052015217616156836e+13
1.064209244064726758e+13
1.076544612842313672e+13
1.089022962263732812e+13
1.101645949633654688e+13
1.114415251466790430e+13
1.127332563710484766e+13
1.140399601970035352e+13
1.153618101736476172e+13
1.166989818617149805e+13
1.180516528568803125e+13
1.194200028133534961e+13
1.208042134677326367e+13
1.222044686631491211e+13
1.236209543736766602e+13
1.250538587290393945e+13
1.265033720395901172e+13
1.279696868215944141e+13
1.294529978227913477e+13
1.309535020482670312e+13
1.324713987866114844e+13
1.340068896363953516e+13
1.355601785329366211e+13
1.371314717753948438e+13
1.387209780541618164e+13
1.403289084785875977e+13
1.419554766050098633e+13
1.436008984651263672e+13
1.452653925946778320e+13
1.469491800624820312e+13
1.486524844997854102e+13
1.503755321299741406e+13
1.521185517986101758e+13
1.538817750038349609e+13
1.556654359271058789e+13
1.574697714643089844e+13
1.592950212572119727e+13
1.611414277253023242e+13
1.630092360979737891e+13
1.648986944471068359e+13
1.668100537200055664e+13
1.687435677727379102e+13
1.706994934038404492e+13
1.726780903884359570e+13
1.746796215127242188e+13
1.767043526088950391e+13
1.787525525904231641e+13
1.808244934877955469e+13
1.829204504846290234e+13
1.850407019542305859e+13
1.871855294965575391e+13
1.893552179756299219e+13
1.915500555573523828e+13
1.937703337477992969e+13
1.960163474319181641e+13
1.982883949127075391e+13
2.005867779508229688e+13
2.029118018046682422e+13
2.052637752709248047e+13
2.076430107255778906e+13
2.100498241653910938e+13
2.124845352498887109e+13
2.149474673437976172e+13
2.174389475600084375e+13
2.199593068030070312e+13
2.225088798128373828e+13
2.250880052095457031e+13
2.276970255381684766e+13
2.303362873142126562e+13
2.330061410696929297e+13
2.357069413996723047e+13
2.384390470093725391e+13
2.412028207618001953e+13
2.439986297259555078e+13
2.468268452255687500e+13
2.496878428884332031e+13
2.525820026962779688e+13
2.555097090352512109e+13
2.584713507469558594e+13
2.614673211801097266e+13
2.644980182427714453e+13
2.675638444552050781e+13
2.706652070033235938e+13
2.738025177927863281e+13
2.769761935036885156e+13
2.801866556459201172e+13
2.834343306151303516e+13
2.867196497493775781e+13
2.900430493863985547e+13
2.934049709215792969e+13
2.968058608665596094e+13
3.002461709085555469e+13
3.037263579703305469e+13
3.072468842709009766e+13
3.108082173869057422e+13
3.144108303147271484e+13
3.180552015332913281e+13
3.217418150676378125e+13
3.254711605531841406e+13
3.292437333007775391e+13
3.330600343624581641e+13
3.369205705980273828e+13
3.408258547423444922e+13
3.447764054734471094e+13
3.487727474814170312e+13
3.528154115380890625e+13
3.569049345675222656e+13
3.610418597173344531e+13
3.652267364308167969e+13
3.694601205199310156e+13
3.737425742391056250e+13
3.780746663599357031e+13
3.824569722466991406e+13
3.868900739327983594e+13
3.913745601980375781e+13
3.959110266468466406e+13
4.005000757873603125e+13
4.051423171114655469e+13
4.098383671757253125e+13
4.145888496832919531e+13
4.193943955667177344e+13
4.242556430717785938e+13
4.291732378422148438e+13
4.341478330055101562e+13
4.391800892596077344e+13
4.442706749606892188e+13
4.494202662119132812e+13
4.546295469532408594e+13
4.598992090522428906e+13
4.652299523960198438e+13
4.706224849841271875e+13
4.760775230226378125e+13
4.815957910192340625e+13
4.871780218794640625e+13
4.928249570040503125e+13
4.985373463873903906e+13
5.043159487171348438e+13
5.101615314749843750e+13
5.160748710385896875e+13
5.220567527846985938e+13
5.281079711934320312e+13
5.342293299538363281e+13
5.404216420705903906e+13
5.466857299720192188e+13
5.530224256192889062e+13
5.594325706169389062e+13
5.659170163246230469e+13
5.724766239702189844e+13
5.791122647641746094e+13
5.858248200152547656e+13
5.926151812475540625e+13
5.994842503189421094e+13
6.064329395408049219e+13
6.134621717992518750e+13
6.205728806776487500e+13
6.277660105806512500e+13
6.350425168595949219e+13
6.424033659394203906e+13
6.498495354469875000e+13
6.573820143409598438e+13
6.650018030431104688e+13
6.727099135712350781e+13
6.805073696735192188e+13
6.883952069645510156e+13
6.963744730628207812e+13
7.044462277299051562e+13
7.126115430111731250e+13
7.208715033782150000e+13
7.292272058728298438e+13
7.376797602527745312e+13
7.462302891391092188e+13
7.548799281653446875e+13
7.636298261282226562e+13
7.724811451403415625e+13
7.814350607844526562e+13
7.904927622696435938e+13
7.996554525892329688e+13
8.089243486805954688e+13
8.183006815867373438e+13
8.277856966198489062e+13
8.373806535266471875e+13
8.470868266557420312e+13
8.569055051268329688e+13
8.668379930019792188e+13
8.768856094587409375e+13
8.870496889654420312e+13
8.973315814583501562e+13
9.077326525210242188e+13
9.182542835656262500e+13
9.288978720164517188e+13
9.396648314954671875e+13
9.505565920101210938e+13
9.615746001432076562e+13
9.727203192450557812e+13
9.839952296278206250e+13
9.954008287621539062e+13
1.006938631476025000e+14
1.018610170155977344e+14
1.030416994950585312e+14
1.042360673976403281e+14
1.054442793526166250e+14
1.066664958279540938e+14
1.079028791516181406e+14
1.091535935331393281e+14
1.104188050854157969e+14
1.116986818467824844e+14
1.129933938033219375e+14
1.143031129114480938e+14
1.156280131207372969e+14
1.169682703970387031e+14
1.183240627458375625e+14
1.196955702359045312e+14
1.210829750232036875e+14
1.224864613750933281e+14
1.239062156947913125e+14
1.253424265461402031e+14
1.267952846786431406e+14
1.282649830528062500e+14
1.297517168657584219e+14
1.312556835771845469e+14
1.327770829355426406e+14
1.343161170046018125e+14
1.358729901902706406e+14
1.374479092677539531e+14
1.390410834090066875e+14
1.406527242105239219e+14
1.422830457214349062e+14
1.439322644719409375e+14
1.456005995020645625e+14
1.472882723907504688e+14
1.489955072852850625e+14
1.507225309310758750e+14
1.524695727017570000e+14
1.542368646296630625e+14
1.560246414366364688e+14
1.578331405652119688e+14
1.596626022101421875e+14
1.615132693503092812e+14
1.633853877809863750e+14
1.652792061464897188e+14
1.671949759731991875e+14
1.691329517029650625e+14
1.710933907269016875e+14
1.730765534195727500e+14
1.750827031735726875e+14
1.771121064345090625e+14
1.791650327363903125e+14
1.812417547374239375e+14
1.833425482562292500e+14
1.854676923084701250e+14
1.876174691439123438e+14
1.897921642839103438e+14
1.919920665593286875e+14
1.942174681489028438e+14
1.964686646180448438e+14
1.987459549580985938e+14
2.010496416260501250e+14
2.033800305846984062e+14
2.057374313432915938e+14
2.081221569986341250e+14
2.105345242766708125e+14
2.129748535745523125e+14
2.154434690031886562e+14
2.179406984302958125e+14
2.204668735239412188e+14
2.230223297965940938e+14
2.256074066496863750e+14
2.282224474186900938e+14
2.308677994187172188e+14
2.335438139906481875e+14
2.362508465477950000e+14
2.389892566231052812e+14
2.417594079169133438e+14
2.445616683452449062e+14
2.473964100886816562e+14
2.502640096417921875e+14
2.531648478631358125e+14
2.560993100258461875e+14
2.590677858688011562e+14
2.620706696483855312e+14
2.651083601908541562e+14
2.681812609453018438e+14
2.712897800372470000e+14
2.744343303228368125e+14
2.776153294436803750e+14
2.808331998823175312e+14
2.840883690183306875e+14
2.873812691851069375e+14
2.907123377272581250e+14
2.940820170587066875e+14
2.974907547214443750e+14
3.009390034449724375e+14
3.044272212064305625e+14
3.079558712914229375e+14
3.115254223555491250e+14
3.151363484866482500e+14
3.187891292677649375e+14
3.224842498408445625e+14
3.262222009711673125e+14
3.300034791125288750e+14
3.338285864731764375e+14
3.376980310825095000e+14
3.416123268585531875e+14
3.455719936762143125e+14
3.495775574363278750e+14
3.536295501355046250e+14
3.577285099367876875e+14
3.618749812411284375e+14
3.660695147596906250e+14
3.703126675869930625e+14
3.746050032748996875e+14
3.789470919074671250e+14
3.833395101766605625e+14
3.877828414589461250e+14
3.922776758927723750e+14
3.968246104569485625e+14
4.014242490499326250e+14
4.060772025700369375e+14
4.107840889965651250e+14
4.155455334718879375e+14
4.203621683844718125e+14
4.252346334528686250e+14
4.301635758106799375e+14
4.351496500925054375e+14
4.401935185208878750e+14
4.452958509942660000e+14
4.504573251759463125e+14
4.556786265841068750e+14
4.609604486828438750e+14
4.663034929742736250e+14
4.717084690917022500e+14
4.771760948938750625e+14
4.827070965603188125e+14
4.883022086877885000e+14
4.939621743878325625e+14
4.996877453854888750e+14
5.054796821191245625e+14
5.113387538414331250e+14
5.172657387216024375e+14
5.232614239486667500e+14
5.293266058360566875e+14
5.354620899273613125e+14
5.416686911033157500e+14
5.479472336900292500e+14
5.542985515684674375e+14
5.607234882852038750e+14
5.672228971644548750e+14
5.737976414214140000e+14
5.804485942768983750e+14
5.871766390733261250e+14
5.939826693920362500e+14
6.008675891719692500e+14
6.078323128297236250e+14
6.148777653810028750e+14
6.220048825634717500e+14
6.292146109610350000e+14
6.365079081295577500e+14
6.438857427240426250e+14
6.513490946272810000e+14
6.588989550799956250e+14
6.665363268124920000e+14
6.742622241778348750e+14
6.820776732865692500e+14
6.899837121430025000e+14
6.979813907830667500e+14
7.060717714137780000e+14
7.142559285543133750e+14
7.225349491787221250e+14
7.309099328602918750e+14
7.393819919175873750e+14
7.479522515621828750e+14
7.566218500481062500e+14
7.653919388230155000e+14
7.742636826811277500e+14
7.832382599179203750e+14
7.923168624866261250e+14
8.015006961565413750e+14
8.107909806731695000e+14
8.201889499202211250e+14
8.296958520834915000e+14
8.393129498166372500e+14
8.490415204088755000e+14
8.588828559546258750e+14
8.688382635251193750e+14
8.789090653419963750e+14
8.890965989529167500e+14
8.994022174092053750e+14
9.098272894455567500e+14
9.203731996618230000e+14
9.310413487069085000e+14
9.418331534647961250e+14
9.527500472427300000e+14
9.637934799615795000e+14
9.749649183484096250e+14
9.862658461312830000e+14
9.976977642363211250e+14
1.009262190987048375e+15
1.020960662306047500e+15
1.032794731918952500e+15
1.044765971560805250e+15
1.056875971184805000e+15
1.069126339173477125e+15
1.081518702552289250e+15
1.094054707205743500e+15
1.106736018095974500e+15
1.119564319483879375e+15
1.132541315152812750e+15
1.145668728634872750e+15
1.158948303439811750e+15
1.172381803286599750e+15
1.185971012337670500e+15
1.199717735435885500e+15
1.213623798344241750e+15
1.227691047988360500e+15
1.241921352701784750e+15
1.256316602474121500e+15
1.270878709202059500e+15
1.285609606943296500e+15
1.300511252173409750e+15
1.315585624045705250e+15
1.330834724654076000e+15
1.346260579298911000e+15
1.361865236756082750e+15
1.377650769549055000e+15
1.393619274224143500e+15
1.409772871628967750e+15
1.426113707194129750e+15
1.442643951218158750e+15
1.459365799155757750e+15
1.476281471909391000e+15
1.493393216124253250e+15
1.510703304486655500e+15
1.528214036025870750e+15
1.545927736419478500e+15
1.563846758302247750e+15
1.581973481578601500e+15
1.600310313738701750e+15
1.618859690178199250e+15
1.637624074521689000e+15
1.656605958949915250e+15
1.675807864530768750e+15
1.695232341554121500e+15
1.714881969870541000e+15
1.734759359233932500e+15
1.754867149648152000e+15
1.775208011717636000e+15
1.795784647002096750e+15
1.816599788375328500e+15
1.837656200388172500e+15
1.858956679635688250e+15
1.880504055128583500e+15
1.902301188668945750e+15
1.924350975230332250e+15
1.946656343342263250e+15
1.969220255479173500e+15
1.992045708453871250e+15
2.015135733815558500e+15
2.038493398252464250e+15
2.062121803999144500e+15
2.086024089248505000e+15
2.110203428568596500e+15
2.134663033324245500e+15
2.159406152103567500e+15
2.184436071149428500e+15
2.209756114795903250e+15
2.235369645909796500e+15
2.261280066337279500e+15
2.287490817355704000e+15
2.314005380130654000e+15
2.340827276178294500e+15
2.367960067833078500e+15
2.395407358720879500e+15
2.423172794237600500e+15
2.451260062033340000e+15
2.479672892502160000e+15
2.508415059277541000e+15
2.537490379733571500e+15
2.566902715491952000e+15
2.596655972934872500e+15
2.626754103723838500e+15
2.657201105324506500e+15
2.688001021537607500e+15
2.719157943036019000e+15
2.750676007908067500e+15
2.782559402207126000e+15
2.814812360507581500e+15
2.847439166467248000e+15
2.880444153396298000e+15
2.913831704832788500e+15
2.947606255124858500e+15
2.981772290019673500e+15
3.016334347259197500e+15
3.051297017182871000e+15
3.086664943337274500e+15
3.122442823092858000e+15
3.158635408267819000e+15
3.195247505759213500e+15
3.232283978181380500e+15
3.269749744511768000e+15
3.307649780744242500e+15
3.345989120549975000e+15
3.384772855945983000e+15
3.424006137971425500e+15
3.463694177371734500e+15
3.503842245290675500e+15
3.544455673970435500e+15
3.585539857459817000e+15
3.627100252330648000e+15
3.669142378402494000e+15
3.711671819475767000e+15
3.754694224073337000e+15
3.798215306190736000e+15
3.842240846055061000e+15
3.886776690892667500e+15
3.931828755705770000e+15
3.977403024058036500e+15
4.023505548869293000e+15
4.070142453219439000e+15
4.117319931161679000e+15
4.165044248545185000e+15
4.213321743847289000e+15
4.262158829015325000e+15
4.311561990318228500e+15
4.361537789208005500e+15
4.412092863191190000e+15
4.463233926710397500e+15
4.514967772036102000e+15
4.567301270168747000e+15
4.620241371751313000e+15
4.673795107992464000e+15
4.727969591600391000e+15
4.782772017727485000e+15
4.838209664925957000e+15
4.894289896114532000e+15
4.951020159556351000e+15
5.008407989848212000e+15
5.066461008921269000e+15
5.125186927053333000e+15
5.184593543892913000e+15
5.244688749495119000e+15
5.305480525369574000e+15
5.366976945540476000e+15
5.429186177618943000e+15
5.492116483887789000e+15
5.555776222398878000e+15
5.620173848083188000e+15
5.685317913873753000e+15
5.751217071841614000e+15
5.817880074344935000e+15
5.885315775191450000e+15
5.953533130814370000e+15
6.022541201461928000e+15
6.092349152400712000e+15
6.162966255132942000e+15
6.234401888627864000e+15
6.306665540567406000e+15
6.379766808606282000e+15
6.453715401646702000e+15
6.528521141127847000e+15
6.604193962330305000e+15
6.680743915695615000e+15
6.758181168161110000e+15
6.836516004510239000e+15
6.915758828738525000e+15
6.995920165435374000e+15
7.077010661181889000e+15
7.159041085964888000e+15
7.242022334607315000e+15
7.325965428215230000e+15
7.410881515641570000e+15
7.496781874966877000e+15
7.583677914997191000e+15
7.671581176779302000e+15
7.760503335133571000e+15
7.850456200204509000e+15
7.941451719029340000e+15
8.033501977124735000e+15
8.126619200091946000e+15
8.220815755240541000e+15
8.316104153230962000e+15
8.412497049736118000e+15
8.510007247122246000e+15
8.608647696149245000e+15
8.708431497690724000e+15
8.809371904473991000e+15
8.911482322840202000e+15
9.014776314524918000e+15
9.119267598459298000e+15
9.224970052592174000e+15
9.331897715733238000e+15
9.440064789417604000e+15
9.549485639791966000e+15
9.660174799522646000e+15
9.772146969725724000e+15
9.885417021919574000e+15
1.000000000000000000e+16
