# r [Mpc/h; comoving]
1.000000000000000056e-01
1.006938631476027579e-01
1.013925407558815134e-01
1.020960662306046735e-01
1.028044732093309210e-01
1.035177955630176283e-01
1.042360673976401725e-01
1.049593230558227425e-01
1.056875971184804280e-01
1.064209244064724114e-01
1.071593399822671072e-01
1.079028791516184194e-01
1.086515774652538069e-01
1.094054707205742716e-01
1.101645949633656418e-01
1.109289864895222771e-01
1.116986818467823189e-01
1.124737178364751677e-01
1.132541315152811728e-01
1.140399601970032845e-01
1.148312414543511129e-01
1.156280131207376022e-01
1.164303132920876532e-01
1.172381803286598884e-01
1.180516528568805179e-01
1.188707697711903349e-01
1.196955702359043389e-01
1.205260936870842653e-01
1.213623798344240778e-01
1.222044686631488380e-01
1.230524004359261625e-01
1.239062156947916271e-01
1.247659552630869806e-01
1.256316602474120414e-01
1.265033720395903616e-01
1.273811323186478384e-01
1.282649830528060642e-01
1.291549665014883885e-01
1.300511252173408849e-01
1.309535020482667234e-01
1.318621401394748371e-01
1.327770829355429671e-01
1.336983741824946670e-01
1.346260579298909910e-01
1.355601785329368647e-01
1.365007806546013891e-01
1.374479092677537428e-01
1.384016096573131571e-01
1.393619274224142390e-01
1.403289084785872831e-01
1.413025990599533765e-01
1.422830457214352695e-01
1.432702953409830948e-01
1.442643951218157694e-01
1.452653925946780777e-01
1.462733356201129931e-01
1.472882723907502633e-01
1.483102514336104294e-01
1.493393216124252187e-01
1.503755321299738157e-01
1.514189325304352018e-01
1.524695727017573721e-01
1.535275028780422601e-01
1.545927736419477616e-01
1.556654359271061605e-01
1.567455410205594868e-01
1.578331405652117214e-01
1.589282865622977936e-01
1.600310313738700918e-01
1.611414277253019334e-01
1.622595287078087423e-01
1.633853877809861299e-01
1.645190587753662392e-01
1.656605958949914359e-01
1.668100537200058742e-01
1.679674872092653537e-01
1.691329517029648011e-01
1.703065029252844309e-01
1.714881969870540035e-01
1.726780903884355400e-01
1.738762400216250781e-01
1.750827031735724126e-01
1.762975375287205715e-01
1.775208011717634982e-01
1.787525525904234969e-01
1.799928506782476900e-01
1.812417547374236826e-01
1.824993244816152382e-01
1.837656200388171346e-01
1.850407019542301690e-01
1.863246311931560373e-01
1.876174691439120579e-01
1.889192776207666291e-01
1.902301188668944765e-01
1.915500555573527997e-01
1.928791508020778200e-01
1.942174681489025334e-01
1.955650715865949185e-01
1.969220255479172399e-01
1.982883949127071388e-01
1.996642450109794020e-01
2.010496416260497965e-01
2.024446509976803865e-01
2.038493398252463062e-01
2.052637752709252084e-01
2.066880249629082511e-01
2.081221569986338171e-01
2.095662399480432980e-01
2.110203428568595552e-01
2.124845352498882789e-01
2.139588871343422183e-01
2.154434690031883370e-01
2.169383518385184229e-01
2.184436071149427339e-01
2.199593068030074872e-01
2.214855233726359951e-01
2.230223297965937546e-01
2.245697995539774061e-01
2.261280066337278405e-01
2.276970255381680075e-01
2.292769312865649278e-01
2.308677994187168514e-01
2.324697059985647851e-01
2.340827276178293059e-01
2.357069413996727703e-01
2.373424250023866700e-01
2.389892566231049675e-01
2.406475150015424114e-01
2.423172794237599403e-01
2.439986297259550130e-01
2.456916462982790816e-01
2.473964100886813511e-01
2.491130026067788494e-01
2.508415059277540049e-01
2.525820026962784515e-01
2.543345761304649510e-01
2.560993100258458499e-01
2.578762887593800679e-01
2.596655972934870937e-01
2.614673211801092356e-01
2.632815465648021269e-01
2.651083601908538201e-01
2.669478494034320804e-01
2.688001021537606006e-01
2.706652070033241375e-01
2.725432531281029025e-01
2.744343303228364839e-01
2.763385290053169685e-01
2.782559402207124277e-01
2.801866556459195468e-01
2.821307675939472293e-01
2.840883690183303445e-01
2.860595535175741722e-01
2.880444153396296558e-01
2.900430493863991877e-01
2.920555512182746449e-01
2.940820170587062909e-01
2.961225437988034281e-01
2.981772290019671923e-01
3.002461709085549324e-01
3.023294684405777866e-01
3.044272212064301764e-01
3.065395295056526637e-01
3.086664943337272815e-01
3.108082173869063936e-01
3.129648010670751934e-01
3.151363484866478437e-01
3.173229634734976989e-01
3.195247505759211681e-01
3.217418150676371602e-01
3.239742629528197249e-01
3.262222009711668869e-01
3.284857366030044523e-01
3.307649780744240653e-01
3.330600343624588455e-01
3.353710152002930545e-01
3.376980310825090648e-01
3.400411932703706896e-01
3.424006137971423724e-01
3.447764054734464012e-01
3.471686818926561502e-01
3.495775574363274574e-01
3.520031472796679717e-01
3.544455673970434706e-01
3.569049345675229801e-01
3.593813663804627523e-01
3.618749812411279354e-01
3.643858983763545445e-01
3.669142378402492910e-01
3.694601205199302685e-01
3.720236681413067736e-01
3.746050032748992065e-01
3.772042493416998266e-01
3.798215306190735330e-01
3.824569722466998889e-01
3.851107002325570572e-01
3.877828414589456485e-01
3.904735236885560901e-01
3.931828755705769063e-01
3.959110266468458539e-01
3.986581073580440782e-01
4.014242490499320692e-01
4.042095839796306933e-01
4.070142453219438017e-01
4.098383671757261371e-01
4.126820845702953711e-01
4.155455334718875515e-01
4.184288507901581244e-01
4.213321743847288081e-01
4.242556430717777105e-01
4.271993966306779078e-01
4.301635758106794882e-01
4.331483223376399461e-01
4.361537789208004834e-01
4.391800892596086081e-01
4.422273980505899149e-01
4.452958509942655518e-01
4.483855948021187587e-01
4.514967772036100890e-01
4.546295469532399269e-01
4.577840538376618529e-01
4.609604486828433600e-01
4.641588833612778631e-01
4.673795107992462228e-01
4.706224849841281754e-01
4.738879609717653318e-01
4.771760948938745805e-01
4.804870439655130054e-01
4.838209664925955944e-01
4.871780218794632411e-01
4.905583706365048147e-01
4.939621743878320759e-01
4.973895958790063854e-01
5.008407989848211450e-01
5.043159487171360311e-01
5.078152112327672940e-01
5.113387538414325695e-01
5.148867450137493140e-01
5.184593543892911383e-01
5.220567527846976530e-01
5.256791122018421580e-01
5.293266058360561743e-01
5.329994080844089321e-01
5.366976945540474775e-01
5.404216420705916235e-01
5.441714286865890760e-01
5.479472336900287344e-01
5.517492376129126130e-01
5.555776222398876030e-01
5.594325706169378520e-01
5.633142670601354318e-01
5.672228971644543982e-01
5.711586478126432498e-01
5.751217071841612238e-01
5.791122647641759880e-01
5.831305113526221717e-01
5.871766390733255125e-01
5.912508413831878418e-01
5.953533130814369079e-01
5.994842503189410365e-01
6.036438506075867405e-01
6.078323128297229427e-01
6.120498372476699256e-01
6.162966255132941162e-01
6.205728806776501516e-01
6.248788072006891126e-01
6.292146109610343707e-01
6.335804992658250478e-01
6.379766808606280870e-01
6.424033659394192686e-01
6.468607661546326160e-01
6.513490946272803006e-01
6.558685659571431570e-01
6.604193962330303647e-01
6.650018030431119609e-01
6.696160054853220744e-01
6.742622241778342129e-01
6.789406812696109350e-01
6.836516004510236888e-01
6.883952069645498106e-01
6.931717276155405782e-01
6.979813907830659803e-01
7.028244264308348699e-01
7.077010661181887263e-01
7.126115430111746862e-01
7.175560918936926269e-01
7.225349491787214085e-01
7.275483529196228316e-01
7.325965428215229780e-01
7.376797602527732645e-01
7.427982482564916555e-01
7.479522515621821466e-01
7.531420165974371805e-01
7.583677914997191127e-01
7.636298261282243871e-01
7.689283720758310903e-01
7.742636826811269968e-01
7.796360130405233235e-01
7.850456200204509738e-01
7.904927622696422684e-01
7.959777002314983863e-01
8.015006961565405152e-01
8.070620141149503768e-01
8.126619200091945716e-01
8.183006815867391870e-01
8.239785684528517784e-01
8.296958520834906148e-01
8.354528058382867384e-01
8.412497049736118448e-01
8.470868266557404214e-01
8.529644499741022567e-01
8.588828559546252128e-01
8.648423275731722537e-01
8.708431497690723999e-01
8.768856094587428318e-01
8.829699955494089147e-01
8.890965989529160396e-01
8.952657125996396070e-01
9.014776314524917122e-01
9.077326525210226427e-01
9.140310748756229620e-01
9.203731996618222944e-01
9.267593301146878071e-01
9.331897715733238341e-01
9.396648314954693104e-01
9.461848194721999006e-01
9.527500472427292699e-01
9.593608287093141618e-01
9.660174799522646127e-01
9.727203192450539770e-01
9.794696670695393070e-01
9.862658461312823199e-01
9.931091813749796104e-01
1.000000000000000000e+00
1.006938631476027579e+00
1.013925407558815328e+00
1.020960662306046540e+00
1.028044732093309266e+00
1.035177955630176339e+00
1.042360673976401753e+00
1.049593230558227619e+00
1.056875971184803920e+00
1.064209244064724169e+00
1.071593399822671211e+00
1.079028791516184249e+00
1.086515774652538457e+00
1.094054707205742494e+00
1.101645949633656363e+00
1.109289864895222744e+00
1.116986818467823106e+00
1.124737178364751955e+00
1.132541315152811423e+00
1.140399601970032428e+00
1.148312414543511073e+00
1.156280131207376050e+00
1.164303132920876838e+00
1.172381803286598467e+00
1.180516528568804846e+00
1.188707697711903322e+00
1.196955702359043361e+00
1.205260936870842681e+00
1.213623798344240612e+00
1.222044686631488020e+00
1.230524004359261570e+00
1.239062156947916327e+00
1.247659552630869806e+00
1.256316602474120803e+00
1.265033720395903227e+00
1.273811323186478495e+00
1.282649830528060475e+00
1.291549665014884107e+00
1.300511252173409238e+00
1.309535020482667012e+00
1.318621401394748593e+00
1.327770829355429782e+00
1.336983741824946614e+00
1.346260579298910409e+00
1.355601785329368258e+00
1.365007806546013835e+00
1.374479092677537428e+00
1.384016096573131627e+00
1.393619274224142668e+00
1.403289084785872332e+00
1.413025990599533710e+00
1.422830457214352640e+00
1.432702953409831004e+00
1.442643951218158138e+00
1.452653925946780555e+00
1.462733356201129986e+00
1.472882723907502633e+00
1.483102514336104516e+00
1.493393216124252687e+00
1.503755321299737657e+00
1.514189325304351907e+00
1.524695727017573832e+00
1.535275028780422657e+00
1.545927736419477672e+00
1.556654359271061328e+00
1.567455410205595090e+00
1.578331405652117381e+00
1.589282865622978047e+00
1.600310313738700918e+00
1.611414277253019112e+00
1.622595287078087090e+00
1.633853877809861244e+00
1.645190587753662559e+00
1.656605958949914470e+00
1.668100537200059241e+00
1.679674872092653093e+00
1.691329517029647844e+00
1.703065029252844420e+00
1.714881969870539979e+00
1.726780903884356011e+00
1.738762400216250503e+00
1.750827031735724182e+00
1.762975375287205715e+00
1.775208011717635204e+00
1.787525525904235524e+00
1.799928506782476401e+00
1.812417547374236770e+00
1.824993244816152327e+00
1.837656200388171568e+00
1.850407019542302134e+00
1.863246311931559873e+00
1.876174691439120412e+00
1.889192776207666347e+00
1.902301188668944709e+00
1.915500555573527830e+00
1.928791508020777812e+00
1.942174681489025501e+00
1.955650715865949074e+00
1.969220255479172454e+00
1.982883949127071332e+00
1.996642450109793465e+00
2.010496416260497909e+00
2.024446509976803643e+00
2.038493398252463340e+00
2.052637752709252084e+00
2.066880249629082122e+00
2.081221569986338338e+00
2.095662399480433091e+00
2.110203428568595552e+00
2.124845352498883067e+00
2.139588871343421683e+00
2.154434690031883370e+00
2.169383518385184395e+00
2.184436071149427505e+00
2.199593068030074594e+00
2.214855233726359174e+00
2.230223297965937324e+00
2.245697995539774006e+00
2.261280066337278516e+00
2.276970255381680186e+00
2.292769312865650111e+00
2.308677994187168458e+00
2.324697059985648018e+00
2.340827276178293115e+00
2.357069413996727647e+00
2.373424250023867366e+00
2.389892566231048843e+00
2.406475150015424003e+00
2.423172794237599348e+00
2.439986297259550074e+00
2.456916462982791316e+00
2.473964100886812734e+00
2.491130026067788439e+00
2.508415059277540049e+00
2.525820026962784848e+00
2.543345761304649510e+00
2.560993100258458277e+00
2.578762887593800901e+00
2.596655972934871048e+00
2.614673211801092023e+00
2.632815465648021380e+00
2.651083601908537535e+00
2.669478494034320804e+00
2.688001021537606228e+00
2.706652070033241486e+00
2.725432531281029025e+00
2.744343303228363951e+00
2.763385290053169907e+00
2.782559402207124499e+00
2.801866556459195134e+00
2.821307675939472404e+00
2.840883690183302779e+00
2.860595535175741944e+00
2.880444153396296336e+00
2.900430493863991543e+00
2.920555512182746671e+00
2.940820170587062243e+00
2.961225437988034503e+00
2.981772290019671701e+00
3.002461709085549213e+00
3.023294684405777755e+00
3.044272212064302874e+00
3.065395295056526859e+00
3.086664943337273037e+00
3.108082173869064047e+00
3.129648010670751823e+00
3.151363484866479325e+00
3.173229634734976212e+00
3.195247505759212014e+00
3.217418150676371713e+00
3.239742629528197249e+00
3.262222009711670090e+00
3.284857366030043746e+00
3.307649780744240875e+00
3.330600343624588788e+00
3.353710152002930656e+00
3.376980310825091536e+00
3.400411932703705897e+00
3.424006137971423946e+00
3.447764054734464345e+00
3.471686818926561280e+00
3.495775574363275240e+00
3.520031472796679051e+00
3.544455673970433818e+00
3.569049345675229468e+00
3.593813663804627634e+00
3.618749812411280242e+00
3.643858983763544224e+00
3.669142378402491911e+00
3.694601205199302463e+00
3.720236681413067625e+00
3.746050032748993175e+00
3.772042493416997377e+00
3.798215306190734442e+00
3.824569722466999000e+00
3.851107002325570683e+00
3.877828414589457484e+00
3.904735236885560123e+00
3.931828755705768064e+00
3.959110266468458761e+00
3.986581073580441004e+00
4.014242490499322358e+00
4.042095839796307821e+00
4.070142453219436796e+00
4.098383671757261482e+00
4.126820845702954266e+00
4.155455334718875626e+00
4.184288507901582577e+00
4.213321743847286527e+00
4.242556430717777438e+00
4.271993966306778745e+00
4.301635758106795215e+00
4.331483223376400460e+00
4.361537789208003169e+00
4.391800892596085859e+00
4.422273980505899260e+00
4.452958509942654963e+00
4.483855948021188809e+00
4.514967772036099447e+00
4.546295469532399380e+00
4.577840538376618973e+00
4.609604486828433600e+00
4.641588833612779297e+00
4.673795107992461340e+00
4.706224849841281532e+00
4.738879609717653096e+00
4.771760948938745805e+00
4.804870439655131165e+00
4.838209664925955167e+00
4.871780218794630635e+00
4.905583706365048258e+00
4.939621743878320537e+00
4.973895958790064853e+00
5.008407989848209674e+00
5.043159487171358535e+00
5.078152112327673606e+00
5.113387538414325917e+00
5.148867450137495361e+00
5.184593543892910716e+00
5.220567527846974976e+00
5.256791122018421802e+00
5.293266058360561743e+00
5.329994080844090654e+00
5.366976945540476329e+00
5.404216420705915347e+00
5.441714286865890315e+00
5.479472336900286678e+00
5.517492376129125908e+00
5.555776222398877806e+00
5.594325706169377632e+00
5.633142670601354318e+00
5.672228971644543094e+00
5.711586478126432276e+00
5.751217071841614015e+00
5.791122647641758547e+00
5.831305113526221717e+00
5.871766390733255570e+00
5.912508413831877974e+00
5.953533130814370189e+00
5.994842503189408589e+00
6.036438506075866961e+00
6.078323128297229871e+00
6.120498372476699700e+00
6.162966255132942273e+00
6.205728806776500406e+00
6.248788072006891348e+00
6.292146109610343707e+00
6.335804992658251145e+00
6.379766808606282424e+00
6.424033659394190465e+00
6.468607661546323939e+00
6.513490946272802340e+00
6.558685659571431792e+00
6.604193962330305645e+00
6.650018030431118277e+00
6.696160054853218746e+00
6.742622241778342129e+00
6.789406812696109128e+00
6.836516004510238886e+00
6.883952069645496330e+00
6.931717276155404228e+00
6.979813907830660469e+00
7.028244264308349365e+00
7.077010661181889262e+00
7.126115430111745752e+00
7.175560918936924715e+00
7.225349491787214085e+00
7.275483529196228538e+00
7.325965428215230446e+00
7.376797602527734199e+00
7.427982482564914335e+00
7.479522515621821022e+00
7.531420165974371805e+00
7.583677914997190683e+00
7.636298261282245647e+00
7.689283720758309570e+00
7.742636826811269302e+00
7.796360130405233235e+00
7.850456200204509294e+00
7.904927622696424017e+00
7.959777002314981864e+00
8.015006961565404708e+00
8.070620141149502658e+00
8.126619200091946382e+00
8.183006815867393868e+00
8.239785684528515119e+00
8.296958520834905926e+00
8.354528058382866718e+00
8.412497049736117560e+00
8.470868266557406656e+00
8.529644499741021235e+00
8.588828559546250574e+00
8.648423275731722981e+00
8.708431497690723333e+00
8.768856094587430761e+00
8.829699955494087149e+00
8.890965989529158620e+00
8.952657125996395848e+00
9.014776314524917566e+00
9.077326525210228425e+00
9.140310748756228065e+00
9.203731996618220279e+00
9.267593301146877849e+00
9.331897715733239451e+00
9.396648314954695991e+00
9.461848194721996563e+00
9.527500472427290035e+00
9.593608287093141840e+00
9.660174799522645017e+00
9.727203192450541991e+00
9.794696670695396179e+00
9.862658461312820535e+00
9.931091813749794994e+00
1.000000000000000000e+01
1.006938631476027091e+01
1.013925407558815373e+01
1.020960662306046451e+01
1.028044732093309754e+01
1.035177955630176250e+01
1.042360673976401131e+01
1.049593230558227752e+01
1.056875971184804008e+01
1.064209244064724658e+01
1.071593399822671167e+01
1.079028791516183539e+01
1.086515774652538369e+01
1.094054707205742361e+01
1.101645949633656940e+01
1.109289864895222699e+01
1.116986818467822573e+01
1.124737178364751955e+01
1.132541315152811556e+01
1.140399601970033139e+01
1.148312414543511117e+01
1.156280131207375383e+01
1.164303132920876749e+01
1.172381803286598512e+01
1.180516528568805512e+01
1.188707697711903322e+01
1.196955702359042739e+01
1.205260936870842592e+01
1.213623798344240612e+01
1.222044686631488730e+01
1.230524004359261525e+01
1.239062156947915661e+01
1.247659552630869761e+01
1.256316602474120181e+01
1.265033720395903849e+01
1.273811323186478539e+01
1.282649830528059809e+01
1.291549665014884063e+01
1.300511252173408572e+01
1.309535020482667633e+01
1.318621401394748460e+01
1.327770829355429072e+01
1.336983741824946570e+01
1.346260579298909654e+01
1.355601785329368880e+01
1.365007806546013747e+01
1.374479092677536585e+01
1.384016096573131627e+01
1.393619274224142046e+01
1.403289084785873087e+01
1.413025990599533621e+01
1.422830457214351974e+01
1.432702953409831004e+01
1.442643951218157383e+01
1.452653925946781222e+01
1.462733356201129808e+01
1.472882723907501834e+01
1.483102514336104427e+01
1.493393216124251843e+01
1.503755321299738412e+01
1.514189325304351996e+01
1.524695727017574498e+01
1.535275028780422701e+01
1.545927736419476872e+01
1.556654359271061949e+01
1.567455410205595001e+01
1.578331405652118136e+01
1.589282865622977958e+01
1.600310313738700074e+01
1.611414277253019733e+01
1.622595287078087267e+01
1.633853877809861999e+01
1.645190587753662470e+01
1.656605958949913671e+01
1.668100537200059108e+01
1.679674872092653004e+01
1.691329517029648599e+01
1.703065029252844198e+01
1.714881969870539180e+01
1.726780903884355922e+01
1.738762400216250370e+01
1.750827031735725114e+01
1.762975375287205893e+01
1.775208011717634093e+01
1.787525525904235479e+01
1.799928506782476489e+01
1.812417547374237614e+01
1.824993244816152327e+01
1.837656200388170546e+01
1.850407019542302223e+01
1.863246311931559873e+01
1.876174691439121389e+01
1.889192776207666213e+01
1.902301188668943865e+01
1.915500555573527919e+01
1.928791508020777812e+01
1.942174681489026611e+01
1.955650715865949252e+01
1.969220255479171300e+01
1.982883949127071332e+01
1.996642450109793288e+01
2.010496416260498975e+01
2.024446509976803910e+01
2.038493398252462185e+01
2.052637752709252084e+01
2.066880249629081945e+01
2.081221569986339404e+01
2.095662399480432825e+01
2.110203428568594219e+01
2.124845352498882889e+01
2.139588871343421417e+01
2.154434690031884614e+01
2.169383518385184217e+01
2.184436071149426084e+01
2.199593068030074861e+01
2.214855233726359174e+01
2.230223297965938656e+01
2.245697995539773828e+01
2.261280066337277361e+01
2.276970255381679920e+01
2.292769312865648601e+01
2.308677994187169702e+01
2.324697059985647840e+01
2.340827276178291783e+01
2.357069413996727647e+01
2.373424250023866122e+01
2.389892566231050353e+01
2.406475150015424092e+01
2.423172794237598282e+01
2.439986297259550341e+01
2.456916462982790250e+01
2.473964100886814066e+01
2.491130026067788350e+01
2.508415059277538717e+01
2.525820026962784581e+01
2.543345761304648178e+01
2.560993100258459521e+01
2.578762887593800812e+01
2.596655972934869894e+01
2.614673211801092023e+01
2.632815465648020137e+01
2.651083601908538867e+01
2.669478494034320804e+01
2.688001021537604629e+01
2.706652070033241131e+01
2.725432531281027693e+01
2.744343303228365372e+01
2.763385290053169996e+01
2.782559402207125743e+01
2.801866556459195223e+01
2.821307675939470627e+01
2.840883690183304111e+01
2.860595535175741944e+01
2.880444153396297935e+01
2.900430493863991543e+01
2.920555512182745161e+01
2.940820170587063842e+01
2.961225437988034415e+01
2.981772290019673477e+01
3.002461709085549302e+01
3.023294684405776422e+01
3.044272212064302607e+01
3.065395295056526592e+01
3.086664943337274636e+01
3.108082173869063780e+01
3.129648010670750580e+01
3.151363484866479325e+01
3.173229634734976301e+01
3.195247505759213524e+01
3.217418150676371624e+01
3.239742629528195295e+01
3.262222009711669557e+01
3.284857366030043835e+01
3.307649780744242207e+01
3.330600343624588788e+01
3.353710152002928879e+01
3.376980310825091181e+01
3.400411932703705986e+01
3.424006137971425545e+01
3.447764054734464167e+01
3.471686818926559681e+01
3.495775574363275240e+01
3.520031472796679139e+01
3.544455673970435328e+01
3.569049345675229290e+01
3.593813663804625946e+01
3.618749812411280686e+01
3.643858983763544757e+01
3.669142378402494131e+01
3.694601205199302285e+01
3.720236681413065583e+01
3.746050032748993175e+01
3.772042493416997644e+01
3.798215306190736129e+01
3.824569722466998911e+01
3.851107002325569084e+01
3.877828414589457395e+01
3.904735236885559857e+01
3.931828755705770106e+01
3.959110266468458406e+01
3.986581073580438783e+01
4.014242490499322003e+01
4.042095839796306223e+01
4.070142453219438750e+01
4.098383671757261482e+01
4.126820845702951601e+01
4.155455334718875093e+01
4.184288507901580090e+01
4.213321743847289014e+01
4.242556430717777260e+01
4.271993966306776969e+01
4.301635758106795038e+01
4.331483223376398684e+01
4.361537789208005478e+01
4.391800892596086214e+01
4.422273980505897129e+01
4.452958509942655496e+01
4.483855948021186322e+01
4.514967772036101934e+01
4.546295469532399380e+01
4.577840538376616308e+01
4.609604486828433778e+01
4.641588833612777165e+01
4.673795107992463471e+01
4.706224849841281355e+01
4.738879609717650965e+01
4.771760948938745628e+01
4.804870439655129388e+01
4.838209664925957298e+01
4.871780218794631168e+01
4.905583706365045771e+01
4.939621743878320359e+01
4.973895958790062366e+01
5.008407989848212338e+01
5.043159487171358535e+01
5.078152112327676093e+01
5.113387538414325917e+01
5.148867450137492341e+01
5.184593543892913203e+01
5.220567527846975509e+01
5.256791122018424289e+01
5.293266058360561033e+01
5.329994080844087989e+01
5.366976945540476152e+01
5.404216420705915169e+01
5.441714286865892802e+01
5.479472336900287388e+01
5.517492376129123244e+01
5.555776222398877451e+01
5.594325706169377810e+01
5.633142670601357338e+01
5.672228971644543805e+01
5.711586478126429256e+01
5.751217071841613659e+01
5.791122647641758192e+01
5.831305113526224915e+01
5.871766390733255747e+01
5.912508413831875487e+01
5.953533130814370367e+01
5.994842503189408944e+01
6.036438506075869981e+01
6.078323128297230227e+01
6.120498372476696858e+01
6.162966255132942450e+01
6.205728806776500761e+01
6.248788072006894367e+01
6.292146109610344240e+01
6.335804992658247414e+01
6.379766808606282069e+01
6.424033659394190465e+01
6.468607661546327847e+01
6.513490946272803228e+01
6.558685659571428062e+01
6.604193962330305112e+01
6.650018030431118632e+01
6.696160054853221766e+01
6.742622241778342129e+01
6.789406812696105931e+01
6.836516004510238531e+01
6.883952069645496863e+01
6.931717276155407603e+01
6.979813907830660469e+01
7.028244264308345635e+01
7.077010661181888906e+01
7.126115430111745752e+01
7.175560918936928090e+01
7.225349491787214617e+01
7.275483529196225163e+01
7.325965428215229736e+01
7.376797602527730646e+01
7.427982482564918598e+01
7.479522515621820844e+01
7.531420165974367364e+01
7.583677914997190328e+01
7.636298261282242095e+01
7.689283720758312768e+01
7.742636826811269657e+01
7.796360130405228972e+01
7.850456200204509116e+01
7.904927622696420997e+01
7.959777002314986305e+01
8.015006961565404708e+01
8.070620141149498750e+01
8.126619200091946027e+01
8.183006815867389605e+01
8.239785684528519027e+01
8.296958520834907347e+01
8.354528058382862810e+01
8.412497049736118981e+01
8.470868266557401682e+01
8.529644499741024788e+01
8.588828559546249153e+01
8.648423275731717297e+01
8.708431497690723688e+01
8.768856094587427208e+01
8.829699955494092478e+01
8.890965989529158264e+01
8.952657125996400111e+01
9.014776314524917211e+01
9.077326525210223451e+01
9.140310748756232329e+01
9.203731996618220990e+01
9.267593301146882823e+01
9.331897715733238385e+01
9.396648314954690306e+01
9.461848194722001892e+01
9.527500472427290390e+01
9.593608287093147169e+01
9.660174799522646083e+01
9.727203192450537017e+01
9.794696670695395824e+01
9.862658461312820180e+01
9.931091813749800679e+01
1.000000000000000000e+02
