# k Mpc^-1
1.000000e-05
1.013925e-05
1.028045e-05
1.042361e-05
1.056876e-05
1.071593e-05
1.086516e-05
1.101646e-05
1.116987e-05
1.132541e-05
1.148312e-05
1.164303e-05
1.180517e-05
1.196956e-05
1.213624e-05
1.230524e-05
1.247660e-05
1.265034e-05
1.282650e-05
1.300511e-05
1.318621e-05
1.336984e-05
1.355602e-05
1.374479e-05
1.393619e-05
1.413026e-05
1.432703e-05
1.452654e-05
1.472883e-05
1.493393e-05
1.514189e-05
1.535275e-05
1.556654e-05
1.578331e-05
1.600310e-05
1.622595e-05
1.645191e-05
1.668101e-05
1.691330e-05
1.714882e-05
1.738762e-05
1.762975e-05
1.787526e-05
1.812418e-05
1.837656e-05
1.863246e-05
1.889193e-05
1.915501e-05
1.942175e-05
1.969220e-05
1.996642e-05
2.024447e-05
2.052638e-05
2.081222e-05
2.110203e-05
2.139589e-05
2.169384e-05
2.199593e-05
2.230223e-05
2.261280e-05
2.292769e-05
2.324697e-05
2.357069e-05
2.389893e-05
2.423173e-05
2.456916e-05
2.491130e-05
2.525820e-05
2.560993e-05
2.596656e-05
2.632815e-05
2.669478e-05
2.706652e-05
2.744343e-05
2.782559e-05
2.821308e-05
2.860596e-05
2.900430e-05
2.940820e-05
2.981772e-05
3.023295e-05
3.065395e-05
3.108082e-05
3.151363e-05
3.195248e-05
3.239743e-05
3.284857e-05
3.330600e-05
3.376980e-05
3.424006e-05
3.471687e-05
3.520031e-05
3.569049e-05
3.618750e-05
3.669142e-05
3.720237e-05
3.772042e-05
3.824570e-05
3.877828e-05
3.931829e-05
3.986581e-05
4.042096e-05
4.098384e-05
4.155455e-05
4.213322e-05
4.271994e-05
4.331483e-05
4.391801e-05
4.452959e-05
4.514968e-05
4.577841e-05
4.641589e-05
4.706225e-05
4.771761e-05
4.838210e-05
4.905584e-05
4.973896e-05
5.043159e-05
5.113388e-05
5.184594e-05
5.256791e-05
5.329994e-05
5.404216e-05
5.479472e-05
5.555776e-05
5.633143e-05
5.711586e-05
5.791123e-05
5.871766e-05
5.953533e-05
6.036439e-05
6.120498e-05
6.205729e-05
6.292146e-05
6.379767e-05
6.468608e-05
6.558686e-05
6.650018e-05
6.742622e-05
6.836516e-05
6.931717e-05
7.028244e-05
7.126115e-05
7.225349e-05
7.325965e-05
7.427982e-05
7.531420e-05
7.636298e-05
7.742637e-05
7.850456e-05
7.959777e-05
8.070620e-05
8.183007e-05
8.296959e-05
8.412497e-05
8.529644e-05
8.648423e-05
8.768856e-05
8.890966e-05
9.014776e-05
9.140311e-05
9.267593e-05
9.396648e-05
9.527500e-05
9.660175e-05
9.794697e-05
9.931092e-05
1.006939e-04
1.020961e-04
1.035178e-04
1.049593e-04
1.064209e-04
1.079029e-04
1.094055e-04
1.109290e-04
1.124737e-04
1.140400e-04
1.156280e-04
1.172382e-04
1.188708e-04
1.205261e-04
1.222045e-04
1.239062e-04
1.256317e-04
1.273811e-04
1.291550e-04
1.309535e-04
1.327771e-04
1.346261e-04
1.365008e-04
1.384016e-04
1.403289e-04
1.422830e-04
1.442644e-04
1.462733e-04
1.483103e-04
1.503755e-04
1.524696e-04
1.545928e-04
1.567455e-04
1.589283e-04
1.611414e-04
1.633854e-04
1.656606e-04
1.679675e-04
1.703065e-04
1.726781e-04
1.750827e-04
1.775208e-04
1.799929e-04
1.824993e-04
1.850407e-04
1.876175e-04
1.902301e-04
1.928792e-04
1.955651e-04
1.982884e-04
2.010496e-04
2.038493e-04
2.066880e-04
2.095662e-04
2.124845e-04
2.154435e-04
2.184436e-04
2.214855e-04
2.245698e-04
2.276970e-04
2.308678e-04
2.340827e-04
2.373424e-04
2.406475e-04
2.439986e-04
2.473964e-04
2.508415e-04
2.543346e-04
2.578763e-04
2.614673e-04
2.651084e-04
2.688001e-04
2.725433e-04
2.763385e-04
2.801867e-04
2.840884e-04
2.880444e-04
2.920556e-04
2.961225e-04
3.002462e-04
3.044272e-04
3.086665e-04
3.129648e-04
3.173230e-04
3.217418e-04
3.262222e-04
3.307650e-04
3.353710e-04
3.400412e-04
3.447764e-04
3.495776e-04
3.544456e-04
3.593814e-04
3.643859e-04
3.694601e-04
3.746050e-04
3.798215e-04
3.851107e-04
3.904735e-04
3.959110e-04
4.014242e-04
4.070142e-04
4.126821e-04
4.184289e-04
4.242556e-04
4.301636e-04
4.361538e-04
4.422274e-04
4.483856e-04
4.546295e-04
4.609604e-04
4.673795e-04
4.738880e-04
4.804870e-04
4.871780e-04
4.939622e-04
5.008408e-04
5.078152e-04
5.148867e-04
5.220568e-04
5.293266e-04
5.366977e-04
5.441714e-04
5.517492e-04
5.594326e-04
5.672229e-04
5.751217e-04
5.831305e-04
5.912508e-04
5.994843e-04
6.078323e-04
6.162966e-04
6.248788e-04
6.335805e-04
6.424034e-04
6.513491e-04
6.604194e-04
6.696160e-04
6.789407e-04
6.883952e-04
6.979814e-04
7.077011e-04
7.175561e-04
7.275484e-04
7.376798e-04
7.479523e-04
7.583678e-04
7.689284e-04
7.796360e-04
7.904928e-04
8.015007e-04
8.126619e-04
8.239786e-04
8.354528e-04
8.470868e-04
8.588829e-04
8.708431e-04
8.829700e-04
8.952657e-04
9.077327e-04
9.203732e-04
9.331898e-04
9.461848e-04
9.593608e-04
9.727203e-04
9.862658e-04
1.000000e-03
1.013925e-03
1.028045e-03
1.042361e-03
1.056876e-03
1.071593e-03
1.086516e-03
1.101646e-03
1.116987e-03
1.132541e-03
1.148312e-03
1.164303e-03
1.180517e-03
1.196956e-03
1.213624e-03
1.230524e-03
1.247660e-03
1.265034e-03
1.282650e-03
1.300511e-03
1.318621e-03
1.336984e-03
1.355602e-03
1.374479e-03
1.393619e-03
1.413026e-03
1.432703e-03
1.452654e-03
1.472883e-03
1.493393e-03
1.514189e-03
1.535275e-03
1.556654e-03
1.578331e-03
1.600310e-03
1.622595e-03
1.645191e-03
1.668101e-03
1.691330e-03
1.714882e-03
1.738762e-03
1.762975e-03
1.787526e-03
1.812418e-03
1.837656e-03
1.863246e-03
1.889193e-03
1.915501e-03
1.942175e-03
1.969220e-03
1.996642e-03
2.024447e-03
2.052638e-03
2.081222e-03
2.110203e-03
2.139589e-03
2.169384e-03
2.199593e-03
2.230223e-03
2.261280e-03
2.292769e-03
2.324697e-03
2.357069e-03
2.389893e-03
2.423173e-03
2.456916e-03
2.491130e-03
2.525820e-03
2.560993e-03
2.596656e-03
2.632815e-03
2.669478e-03
2.706652e-03
2.744343e-03
2.782559e-03
2.821308e-03
2.860596e-03
2.900430e-03
2.940820e-03
2.981772e-03
3.023295e-03
3.065395e-03
3.108082e-03
3.151363e-03
3.195248e-03
3.239743e-03
3.284857e-03
3.330600e-03
3.376980e-03
3.424006e-03
3.471687e-03
3.520031e-03
3.569049e-03
3.618750e-03
3.669142e-03
3.720237e-03
3.772042e-03
3.824570e-03
3.877828e-03
3.931829e-03
3.986581e-03
4.042096e-03
4.098384e-03
4.155455e-03
4.213322e-03
4.271994e-03
4.331483e-03
4.391801e-03
4.452959e-03
4.514968e-03
4.577841e-03
4.641589e-03
4.706225e-03
4.771761e-03
4.838210e-03
4.905584e-03
4.973896e-03
5.043159e-03
5.113388e-03
5.184594e-03
5.256791e-03
5.329994e-03
5.404216e-03
5.479472e-03
5.555776e-03
5.633143e-03
5.711586e-03
5.791123e-03
5.871766e-03
5.953533e-03
6.036439e-03
6.120498e-03
6.205729e-03
6.292146e-03
6.379767e-03
6.468608e-03
6.558686e-03
6.650018e-03
6.742622e-03
6.836516e-03
6.931717e-03
7.028244e-03
7.126115e-03
7.225349e-03
7.325965e-03
7.427982e-03
7.531420e-03
7.636298e-03
7.742637e-03
7.850456e-03
7.959777e-03
8.070620e-03
8.183007e-03
8.296959e-03
8.412497e-03
8.529644e-03
8.648423e-03
8.768856e-03
8.890966e-03
9.014776e-03
9.140311e-03
9.267593e-03
9.396648e-03
9.527500e-03
9.660175e-03
9.794697e-03
9.931092e-03
1.006939e-02
1.020961e-02
1.035178e-02
1.049593e-02
1.064209e-02
1.079029e-02
1.094055e-02
1.109290e-02
1.124737e-02
1.140400e-02
1.156280e-02
1.172382e-02
1.188708e-02
1.205261e-02
1.222045e-02
1.239062e-02
1.256317e-02
1.273811e-02
1.291550e-02
1.309535e-02
1.327771e-02
1.346261e-02
1.365008e-02
1.384016e-02
1.403289e-02
1.422830e-02
1.442644e-02
1.462733e-02
1.483103e-02
1.503755e-02
1.524696e-02
1.545928e-02
1.567455e-02
1.589283e-02
1.611414e-02
1.633854e-02
1.656606e-02
1.679675e-02
1.703065e-02
1.726781e-02
1.750827e-02
1.775208e-02
1.799929e-02
1.824993e-02
1.850407e-02
1.876175e-02
1.902301e-02
1.928792e-02
1.955651e-02
1.982884e-02
2.010496e-02
2.038493e-02
2.066880e-02
2.095662e-02
2.124845e-02
2.154435e-02
2.184436e-02
2.214855e-02
2.245698e-02
2.276970e-02
2.308678e-02
2.340827e-02
2.373424e-02
2.406475e-02
2.439986e-02
2.473964e-02
2.508415e-02
2.543346e-02
2.578763e-02
2.614673e-02
2.651084e-02
2.688001e-02
2.725433e-02
2.763385e-02
2.801867e-02
2.840884e-02
2.880444e-02
2.920556e-02
2.961225e-02
3.002462e-02
3.044272e-02
3.086665e-02
3.129648e-02
3.173230e-02
3.217418e-02
3.262222e-02
3.307650e-02
3.353710e-02
3.400412e-02
3.447764e-02
3.495776e-02
3.544456e-02
3.593814e-02
3.643859e-02
3.694601e-02
3.746050e-02
3.798215e-02
3.851107e-02
3.904735e-02
3.959110e-02
4.014242e-02
4.070142e-02
4.126821e-02
4.184289e-02
4.242556e-02
4.301636e-02
4.361538e-02
4.422274e-02
4.483856e-02
4.546295e-02
4.609604e-02
4.673795e-02
4.738880e-02
4.804870e-02
4.871780e-02
4.939622e-02
5.008408e-02
5.078152e-02
5.148867e-02
5.220568e-02
5.293266e-02
5.366977e-02
5.441714e-02
5.517492e-02
5.594326e-02
5.672229e-02
5.751217e-02
5.831305e-02
5.912508e-02
5.994843e-02
6.078323e-02
6.162966e-02
6.248788e-02
6.335805e-02
6.424034e-02
6.513491e-02
6.604194e-02
6.696160e-02
6.789407e-02
6.883952e-02
6.979814e-02
7.077011e-02
7.175561e-02
7.275484e-02
7.376798e-02
7.479523e-02
7.583678e-02
7.689284e-02
7.796360e-02
7.904928e-02
8.015007e-02
8.126619e-02
8.239786e-02
8.354528e-02
8.470868e-02
8.588829e-02
8.708431e-02
8.829700e-02
8.952657e-02
9.077327e-02
9.203732e-02
9.331898e-02
9.461848e-02
9.593608e-02
9.727203e-02
9.862658e-02
1.000000e-01
1.013925e-01
1.028045e-01
1.042361e-01
1.056876e-01
1.071593e-01
1.086516e-01
1.101646e-01
1.116987e-01
1.132541e-01
1.148312e-01
1.164303e-01
1.180517e-01
1.196956e-01
1.213624e-01
1.230524e-01
1.247660e-01
1.265034e-01
1.282650e-01
1.300511e-01
1.318621e-01
1.336984e-01
1.355602e-01
1.374479e-01
1.393619e-01
1.413026e-01
1.432703e-01
1.452654e-01
1.472883e-01
1.493393e-01
1.514189e-01
1.535275e-01
1.556654e-01
1.578331e-01
1.600310e-01
1.622595e-01
1.645191e-01
1.668101e-01
1.691330e-01
1.714882e-01
1.738762e-01
1.762975e-01
1.787526e-01
1.812418e-01
1.837656e-01
1.863246e-01
1.889193e-01
1.915501e-01
1.942175e-01
1.969220e-01
1.996642e-01
2.024447e-01
2.052638e-01
2.081222e-01
2.110203e-01
2.139589e-01
2.169384e-01
2.199593e-01
2.230223e-01
2.261280e-01
2.292769e-01
2.324697e-01
2.357069e-01
2.389893e-01
2.423173e-01
2.456916e-01
2.491130e-01
2.525820e-01
2.560993e-01
2.596656e-01
2.632815e-01
2.669478e-01
2.706652e-01
2.744343e-01
2.782559e-01
2.821308e-01
2.860596e-01
2.900430e-01
2.940820e-01
2.981772e-01
3.023295e-01
3.065395e-01
3.108082e-01
3.151363e-01
3.195248e-01
3.239743e-01
3.284857e-01
3.330600e-01
3.376980e-01
3.424006e-01
3.471687e-01
3.520031e-01
3.569049e-01
3.618750e-01
3.669142e-01
3.720237e-01
3.772042e-01
3.824570e-01
3.877828e-01
3.931829e-01
3.986581e-01
4.042096e-01
4.098384e-01
4.155455e-01
4.213322e-01
4.271994e-01
4.331483e-01
4.391801e-01
4.452959e-01
4.514968e-01
4.577841e-01
4.641589e-01
4.706225e-01
4.771761e-01
4.838210e-01
4.905584e-01
4.973896e-01
5.043159e-01
5.113388e-01
5.184594e-01
5.256791e-01
5.329994e-01
5.404216e-01
5.479472e-01
5.555776e-01
5.633143e-01
5.711586e-01
5.791123e-01
5.871766e-01
5.953533e-01
6.036439e-01
6.120498e-01
6.205729e-01
6.292146e-01
6.379767e-01
6.468608e-01
6.558686e-01
6.650018e-01
6.742622e-01
6.836516e-01
6.931717e-01
7.028244e-01
7.126115e-01
7.225349e-01
7.325965e-01
7.427982e-01
7.531420e-01
7.636298e-01
7.742637e-01
7.850456e-01
7.959777e-01
8.070620e-01
8.183007e-01
8.296959e-01
8.412497e-01
8.529644e-01
8.648423e-01
8.768856e-01
8.890966e-01
9.014776e-01
9.140311e-01
9.267593e-01
9.396648e-01
9.527500e-01
9.660175e-01
9.794697e-01
9.931092e-01
1.006939e+00
1.020961e+00
1.035178e+00
1.049593e+00
1.064209e+00
1.079029e+00
1.094055e+00
1.109290e+00
1.124737e+00
1.140400e+00
1.156280e+00
1.172382e+00
1.188708e+00
1.205261e+00
1.222045e+00
1.239062e+00
1.256317e+00
1.273811e+00
1.291550e+00
1.309535e+00
1.327771e+00
1.346261e+00
1.365008e+00
1.384016e+00
1.403289e+00
1.422830e+00
1.442644e+00
1.462733e+00
1.483103e+00
1.503755e+00
1.524696e+00
1.545928e+00
1.567455e+00
1.589283e+00
1.611414e+00
1.633854e+00
1.656606e+00
1.679675e+00
1.703065e+00
1.726781e+00
1.750827e+00
1.775208e+00
1.799929e+00
1.824993e+00
1.850407e+00
1.876175e+00
1.902301e+00
1.928792e+00
1.955651e+00
1.982884e+00
2.010496e+00
2.038493e+00
2.066880e+00
2.095662e+00
2.124845e+00
2.154435e+00
2.184436e+00
2.214855e+00
2.245698e+00
2.276970e+00
2.308678e+00
2.340827e+00
2.373424e+00
2.406475e+00
2.439986e+00
2.473964e+00
2.508415e+00
2.543346e+00
2.578763e+00
2.614673e+00
2.651084e+00
2.688001e+00
2.725433e+00
2.763385e+00
2.801867e+00
2.840884e+00
2.880444e+00
2.920556e+00
2.961225e+00
3.002462e+00
3.044272e+00
3.086665e+00
3.129648e+00
3.173230e+00
3.217418e+00
3.262222e+00
3.307650e+00
3.353710e+00
3.400412e+00
3.447764e+00
3.495776e+00
3.544456e+00
3.593814e+00
3.643859e+00
3.694601e+00
3.746050e+00
3.798215e+00
3.851107e+00
3.904735e+00
3.959110e+00
4.014242e+00
4.070142e+00
4.126821e+00
4.184289e+00
4.242556e+00
4.301636e+00
4.361538e+00
4.422274e+00
4.483856e+00
4.546295e+00
4.609604e+00
4.673795e+00
4.738880e+00
4.804870e+00
4.871780e+00
4.939622e+00
5.008408e+00
5.078152e+00
5.148867e+00
5.220568e+00
5.293266e+00
5.366977e+00
5.441714e+00
5.517492e+00
5.594326e+00
5.672229e+00
5.751217e+00
5.831305e+00
5.912508e+00
5.994843e+00
6.078323e+00
6.162966e+00
6.248788e+00
6.335805e+00
6.424034e+00
6.513491e+00
6.604194e+00
6.696160e+00
6.789407e+00
6.883952e+00
6.979814e+00
7.077011e+00
7.175561e+00
7.275484e+00
7.376798e+00
7.479523e+00
7.583678e+00
7.689284e+00
7.796360e+00
7.904928e+00
8.015007e+00
8.126619e+00
8.239786e+00
8.354528e+00
8.470868e+00
8.588829e+00
8.708431e+00
8.829700e+00
8.952657e+00
9.077327e+00
9.203732e+00
9.331898e+00
9.461848e+00
9.593608e+00
9.727203e+00
9.862658e+00
1.000000e+01
